2018 522628.000   30.528929046  114.352832806   131.1292   5   4   4.6650   3.3556  21.3393  -0.5897  -6.6364   0.1126   0.00    0.0
2018 522629.000   30.528954741  114.352843462   130.6334   5   4   4.6655   3.3552  21.3403  -0.5928  -6.6351   0.1756   0.00    0.0
2018 522630.000   30.528977887  114.352844868   125.5289   5   4   4.6661   3.3547  21.3414  -0.5959  -6.6338   0.2213   0.00    0.0
2018 522631.000   30.529001774  114.352866635   111.6515   5   4   4.6666   3.3543  21.3424  -0.5990  -6.6325   0.2591   0.00    0.0
2018 522633.000   30.529131334  114.352843463    52.8705   5   4   4.6677   3.3535  21.3446  -0.6050  -6.6299   0.3207   0.00    0.0
2018 522634.000   30.529073427  114.352835612    28.2971   5   4   4.6683   3.3531  21.3457  -0.6080  -6.6286   0.3489   0.00    0.0
2018 522635.000   30.529037592  114.352900444    10.7496   5   5   4.5757   3.0102  10.4801  -1.3204  -4.0583   4.1713   0.00    0.0
2018 522636.000   30.529019428  114.352929692    23.7171   5   4   4.6694   3.3522  21.3478  -0.6141  -6.6260   0.3986   0.00    0.0
2018 522637.000   30.529064126  114.352951836     8.1915   5   4   4.6700   3.3518  21.3488  -0.6170  -6.6247   0.4205   0.00    0.0
2018 522638.000   30.528995833  114.353046395   -26.0577   5   4   4.6705   3.3514  21.3499  -0.6200  -6.6235   0.4425   0.00    0.0
2018 522639.000   30.529025260  114.353088478    -0.4381   5   4   4.6711   3.3510  21.3510  -0.6229  -6.6222   0.4624   0.00    0.0
2018 522640.000   30.529052887  114.353088365    16.6135   5   4   4.6716   3.3506  21.3520  -0.6259  -6.6209   0.4815   0.00    0.0
2018 522641.000   30.529060287  114.353151299    10.5416   5   4   4.6722   3.3502  21.3530  -0.6288  -6.6196   0.5001   0.00    0.0
2018 522642.000   30.529038071  114.353183705    13.3636   5   4   4.6727   3.3498  21.3541  -0.6317  -6.6183   0.5183   0.00    0.0
2018 522643.000   30.529042852  114.353230404     3.4314   5   4   4.6733   3.3494  21.3552  -0.6346  -6.6170   0.5356   0.00    0.0
2018 522644.000   30.529033235  114.353284515   -10.1258   5   5   4.5802   3.0108  10.5081  -1.3310  -4.0625   4.1969   0.00    0.0
2018 522645.000   30.529067570  114.353343470    -3.4423   5   5   4.5807   3.0109  10.5112  -1.3321  -4.0630   4.1997   0.00    0.0
2018 522646.000   30.529056420  114.353449271   -27.8505   5   4   4.6750   3.3482  21.3584  -0.6431  -6.6132   0.5845   0.00    0.0
2018 522647.000   30.529053790  114.353512492   -25.5877   5   4   4.6756   3.3478  21.3594  -0.6459  -6.6119   0.6000   0.00    0.0
2018 522648.000   30.529028669  114.353578167   -25.9243   5   4   4.6761   3.3474  21.3605  -0.6488  -6.6107   0.6152   0.00    0.0
2018 522649.000   30.529021930  114.353607902   -10.3347   5   4   4.6767   3.3469  21.3615  -0.6516  -6.6094   0.6299   0.00    0.0
2018 522650.000   30.529024519  114.353677257    -6.6232   5   4   4.6772   3.3465  21.3625  -0.6544  -6.6081   0.6442   0.00    0.0
2018 522651.000   30.529018332  114.353805488   -23.4083   5   4   4.6778   3.3462  21.3636  -0.6571  -6.6068   0.6583   0.00    0.0
2018 522652.000   30.529012981  114.353862284   -16.0134   5   4   4.6784   3.3457  21.3647  -0.6599  -6.6055   0.6720   0.00    0.0
2018 522653.000   30.529095252  114.353938813   -13.0156   5   4   4.6789   3.3453  21.3657  -0.6626  -6.6043   0.6850   0.00    0.0
2018 522654.000   30.529007732  114.353973038    -4.3141   5   4   4.6795   3.3449  21.3668  -0.6654  -6.6030   0.6987   0.00    0.0
2018 522655.000   30.529011498  114.354031533    -0.7558   5   4   4.6801   3.3445  21.3678  -0.6681  -6.6017   0.7116   0.00    0.0
2018 522656.000   30.528959472  114.354128621    -0.8084   5   4   4.6806   3.3441  21.3689  -0.6709  -6.6004   0.7246   0.00    0.0
2018 522657.000   30.528981613  114.354156848    18.0922   5   4   4.6812   3.3437  21.3699  -0.6735  -6.5991   0.7370   0.00    0.0
2018 522658.000   30.529002305  114.354211869    -4.1641   5   5   4.5873   3.0118  10.5520  -1.3473  -4.0691   4.2366   0.00    0.0
2018 522659.000   30.528976987  114.354240271    10.4287   5   4   4.6823   3.3429  21.3720  -0.6789  -6.5965   0.7614   0.00    0.0
2018 522660.000   30.529034443  114.354373212   -15.4546   5   4   4.6829   3.3425  21.3731  -0.6815  -6.5952   0.7729   0.00    0.0
2018 522661.000   30.529040588  114.354450161     4.8498   5   5   4.5888   3.0121  10.5614  -1.3508  -4.0705   4.2451   0.00    0.0
2018 522662.000   30.529009025  114.354534669     2.8014   5   5   4.5894   3.0121  10.5646  -1.3519  -4.0710   4.2479   0.00    0.0
2018 522663.000   30.528949928  114.354570006     2.3525   5   4   4.6846   3.3413  21.3763  -0.6895  -6.5914   0.8080   0.00    0.0
2018 522664.000   30.529031176  114.354654218    14.8121   5   5   4.5904   3.0123  10.5709  -1.3542  -4.0719   4.2535   0.00    0.0
2018 522665.000   30.528991653  114.354725289    17.0325   5   5   4.5909   3.0123  10.5741  -1.3554  -4.0724   4.2564   0.00    0.0
2018 522666.000   30.528968449  114.354781684    10.5147   5   5   4.5914   3.0124  10.5773  -1.3565  -4.0729   4.2592   0.00    0.0
2018 522667.000   30.528941422  114.354870605    -0.5199   5   4   9.8022   3.8615  13.8598   4.3678   2.2440   9.7824   0.00    0.0
2018 522668.000   30.528974995  114.354989348    -8.2233   5   5   4.5924   3.0126  10.5836  -1.3588  -4.0738   4.2649   0.00    0.0
2018 522670.000   30.528981493  114.354987631     0.6831   5   5   4.5935   3.0127  10.5900  -1.3611  -4.0748   4.2705   0.00    0.0
2018 522671.000   30.529008303  114.355014212     7.8592   5   4   9.7943   3.8595  13.8801   4.3602   2.2425   9.7900   0.00    0.0
2018 522672.000   30.529022630  114.355010373    22.9367   5   5   4.5945   3.0128  10.5963  -1.3633  -4.0757   4.2762   0.00    0.0
2018 522673.000   30.529017102  114.355091095    23.4749   5   4   4.6903   3.3373  21.3867  -0.7153  -6.5783   0.9134   0.00    0.0
2018 522674.000   30.528985261  114.355115246    10.6795   5   5   4.5955   3.0130  10.6027  -1.3656  -4.0766   4.2819   0.00    0.0
2018 522675.000   30.529037643  114.355134145    19.9997   5   5   4.5960   3.0130  10.6059  -1.3667  -4.0771   4.2847   0.00    0.0
2018 522676.000   30.528963547  114.355124113    32.1864   5   4   4.6920   3.3360  21.3899  -0.7229  -6.5742   0.9430   0.00    0.0
2018 522678.000   30.528913647  114.355191710    43.1710   5   4   4.6932   3.3352  21.3920  -0.7279  -6.5716   0.9623   0.00    0.0
2018 522679.000   30.528974242  114.355229024    28.3137   5   4   9.7784   3.8557  13.9207   4.3449   2.2395   9.8050   0.00    0.0
2018 522680.000   30.529157151  114.355249292    54.9361   5   4   9.7763   3.8552  13.9257   4.3430   2.2391   9.8068   0.00    0.0
2018 522681.000   30.528995962  114.355252952    27.1612   5   5   4.5991   3.0134  10.6251  -1.3735  -4.0799   4.3016   0.00    0.0
2018 522682.000   30.528918517  114.355239042    16.4546   5   4   6.3732   3.1828  12.4182  -2.5314  -4.8195   6.8456   0.00    0.0
2018 522684.000   30.528983080  114.355292736    44.7222   5   4   4.6966   3.3327  21.3982  -0.7426  -6.5635   1.0171   0.00    0.0
2018 522685.000   30.529049117  114.355322231    29.9947   5   4   9.7665   3.8528  13.9511   4.3336   2.2372   9.8161   0.00    0.0
2018 522686.000   30.528991551  114.355383217    34.2118   5   5   4.6017   3.0138  10.6412  -1.3791  -4.0822   4.3157   0.00    0.0
2018 522687.000   30.528924205  114.355372920    31.5237   5   5   4.6022   3.0138  10.6444  -1.3802  -4.0827   4.3186   0.00    0.0
2018 522688.000   30.528925739  114.355398512    62.7495   5   4   4.6989   3.3311  21.4024  -0.7523  -6.5581   1.0524   0.00    0.0
2018 522690.000   30.528990969  114.355531215    43.2750   5   4   4.7001   3.3303  21.4045  -0.7570  -6.5555   1.0693   0.00    0.0
2018 522692.000   30.528978792  114.355645712    32.4853   5   4   4.7013   3.3295  21.4066  -0.7617  -6.5528   1.0861   0.00    0.0
2018 522693.000   30.528944535  114.355695669    31.9263   5   4   4.7019   3.3291  21.4077  -0.7641  -6.5515   1.0946   0.00    0.0
2018 522694.000   30.528987563  114.355735351    51.3358   5   5   4.6058   3.0143  10.6670  -1.3880  -4.0860   4.3383   0.00    0.0
2018 522695.000   30.529042406  114.355786099    56.3174   5   4   6.3956   3.1859  12.4999  -2.5506  -4.8388   6.9090   0.00    0.0
2018 522696.000   30.528987905  114.355866966    40.0586   5   4   6.3973   3.1862  12.5063  -2.5521  -4.8403   6.9139   0.00    0.0
2018 522697.000   30.528953448  114.355921977    36.2205   5   5   4.6074   3.0146  10.6768  -1.3914  -4.0875   4.3468   0.00    0.0
2018 522698.000   30.528952671  114.355965744    35.9391   5   5   4.6079   3.0146  10.6800  -1.3925  -4.0879   4.3496   0.00    0.0
2018 522699.000   30.528944105  114.356020476    33.7296   5   4   9.7388   3.8463  14.0221   4.3071   2.2314   9.8420   0.00    0.0
2018 522700.000   30.529017551  114.356099215    36.8241   5   5   4.6089   3.0148  10.6865  -1.3947  -4.0889   4.3553   0.00    0.0
2018 522701.000   30.528992543  114.356127566    24.9763   5   5   4.6094   3.0148  10.6898  -1.3958  -4.0894   4.3581   0.00    0.0
2018 522702.000   30.528982268  114.356159663    27.9117   5   5   4.6100   3.0149  10.6930  -1.3969  -4.0898   4.3609   0.00    0.0
2018 522703.000   30.529054171  114.356232148    36.1320   5   5   4.6105   3.0150  10.6963  -1.3979  -4.0903   4.3637   0.00    0.0
2018 522704.000   30.529037163  114.356321084    17.9482   5   5   4.6110   3.0150  10.6996  -1.3990  -4.0908   4.3665   0.00    0.0
2018 522705.000   30.529067510  114.356361138    22.0770   5   5   4.6115   3.0151  10.7028  -1.4001  -4.0913   4.3694   0.00    0.0
2018 522706.000   30.529108323  114.356381512    17.6003   5   5   4.6120   3.0152  10.7061  -1.4012  -4.0918   4.3722   0.00    0.0
2018 522707.000   30.529037372  114.356372120    -2.0353   5   4   9.7231   3.8426  14.0628   4.2921   2.2281   9.8566   0.00    0.0
2018 522709.000   30.529196808  114.356396953    96.2638   5   4   4.7112   3.3226  21.4243  -0.8006  -6.5299   1.2187   0.00    0.0
2018 522710.000   30.529324653  114.356415167    85.8507   5   4   4.7118   3.3222  21.4253  -0.8028  -6.5286   1.2256   0.00    0.0
2018 522712.000   30.529391404  114.356455579    64.7131   5   4   4.7130   3.3213  21.4274  -0.8072  -6.5258   1.2400   0.00    0.0
2018 522714.000   30.529529107  114.356493945    24.1379   5   4   4.7142   3.3205  21.4295  -0.8115  -6.5231   1.2540   0.00    0.0
2018 522718.000   30.529908629  114.356452147    39.7490   5   5   4.6182   3.0160  10.7455  -1.4141  -4.0974   4.4057   0.00    0.0
2018 522722.000   30.530114352  114.356432881    70.8893   5   4   4.7189   3.3172  21.4376  -0.8286  -6.5118   1.3083   0.00    0.0
2018 522725.000   30.530283309  114.356484842    21.2012   5   4   6.4479   3.1932  12.6933  -2.5945  -4.8842   7.0566   0.00    0.0
2018 522727.000   30.530554136  114.356396591    56.9119   5   4   4.7219   3.3151  21.4427  -0.8390  -6.5048   1.3408   0.00    0.0
2018 522728.000   30.530653070  114.356391435     9.4759   5   4   4.7225   3.3147  21.4438  -0.8411  -6.5034   1.3472   0.00    0.0
2018 522729.000   30.530688851  114.356369902    37.2860   5   4   4.7231   3.3143  21.4448  -0.8432  -6.5020   1.3538   0.00    0.0
2018 522730.000   30.530814597  114.356402638    28.5510   5   5   4.6244   3.0167  10.7853  -1.4268  -4.1030   4.4393   0.00    0.0
2018 522731.000   30.530865114  114.356417775    34.4034   5   5   4.6249   3.0168  10.7886  -1.4278  -4.1035   4.4421   0.00    0.0
2018 522732.000   30.530958379  114.356372525    40.1970   5   5   4.6254   3.0168  10.7920  -1.4289  -4.1039   4.4449   0.00    0.0
2018 522734.000   30.531028141  114.356363465    76.1841   5   4   4.7260   3.3122  21.4498  -0.8535  -6.4949   1.3855   0.00    0.0
2018 522735.000   30.531046497  114.356397330    93.0801   5   4   4.7266   3.3118  21.4509  -0.8556  -6.4935   1.3919   0.00    0.0
2018 522736.000   30.531086108  114.356378690   129.0121   5   4   4.7272   3.3114  21.4518  -0.8576  -6.4921   1.3982   0.00    0.0
2018 522737.000   30.531124123  114.356384481   130.5141   5   4   4.7278   3.3110  21.4529  -0.8596  -6.4907   1.4045   0.00    0.0
2018 522747.000   30.531890410  114.356441819     5.8035   5   5   4.6332   3.0178  10.8423  -1.4445  -4.1110   4.4868   0.00    0.0
2018 522748.000   30.532139726  114.356468234    45.6540   5   4   9.6417   3.8246  14.2709   4.2161   2.2107   9.9287   0.00    0.0
2018 522749.000   30.532071436  114.356374421    35.7276   5   5   4.6343   3.0179  10.8490  -1.4465  -4.1120   4.4923   0.00    0.0
2018 522750.000   30.532062558  114.356422820    20.8631   5   4   9.6378   3.8237  14.2811   4.2125   2.2098   9.9322   0.00    0.0
2018 522751.000   30.532140222  114.356494858    32.4375   5   4   9.6358   3.8233  14.2862   4.2106   2.2094   9.9340   0.00    0.0
2018 522752.000   30.531995793  114.356560250     8.0669   5   5   4.6359   3.0182  10.8592  -1.4497  -4.1134   4.5008   0.00    0.0
2018 522753.000   30.532006853  114.356577148    13.5156   5   4   6.4978   3.1999  12.8799  -2.6351  -4.9276   7.1964   0.00    0.0
2018 522754.000   30.532145506  114.356567843    29.5179   5   5   4.6369   3.0183  10.8660  -1.4517  -4.1144   4.5064   0.00    0.0
2018 522755.000   30.532121426  114.356777840     0.7823   5   5   4.6375   3.0184  10.8694  -1.4528  -4.1149   4.5092   0.00    0.0
2018 522756.000   30.532103798  114.356639073    17.4887   5   5   4.6380   3.0184  10.8728  -1.4538  -4.1153   4.5120   0.00    0.0
2018 522757.000   30.532103975  114.356735260    15.8748   5   5   4.6385   3.0185  10.8762  -1.4548  -4.1158   4.5148   0.00    0.0
2018 522758.000   30.532091238  114.356811276    28.8486   5   5   4.6391   3.0186  10.8796  -1.4559  -4.1163   4.5176   0.00    0.0
2018 522759.000   30.532051444  114.356870246    27.8628   5   4   4.7412   3.3020  21.4756  -0.9033  -6.4596   1.5358   0.00    0.0
2018 522760.000   30.531977925  114.356920957    32.6494   5   4   4.7418   3.3016  21.4767  -0.9053  -6.4582   1.5418   0.00    0.0
2018 522761.000   30.531995271  114.357003546    26.4781   5   4   4.7425   3.3012  21.4777  -0.9072  -6.4568   1.5475   0.00    0.0
2018 522762.000   30.531985968  114.357022614    51.3020   5   4   4.7431   3.3008  21.4788  -0.9091  -6.4554   1.5533   0.00    0.0
2018 522763.000   30.531975524  114.357071526    35.0692   5   4   4.7437   3.3004  21.4798  -0.9111  -6.4540   1.5590   0.00    0.0
2018 522764.000   30.531980791  114.357154159    22.7426   5   5   4.6423   3.0190  10.9000  -1.4621  -4.1193   4.5345   0.00    0.0
2018 522765.000   30.531886142  114.357297958    11.6954   5   5   4.6429   3.0191  10.9035  -1.4631  -4.1198   4.5373   0.00    0.0
2018 522768.000   30.531996106  114.357383046    15.5599   5   4   9.6028   3.8164  14.3726   4.1796   2.2013   9.9633   0.00    0.0
2018 522769.000   30.532087346  114.357372670    17.5893   5   5   4.6450   3.0193  10.9172  -1.4672  -4.1217   4.5485   0.00    0.0
2018 522770.000   30.532061393  114.357382182    31.9868   5   4   4.7480   3.2977  21.4871  -0.9244  -6.4441   1.5983   0.00    0.0
2018 522771.000   30.532158638  114.357369246    50.3568   5   4   4.7487   3.2972  21.4881  -0.9263  -6.4426   1.6036   0.00    0.0
2018 522772.000   30.532194511  114.357387657    20.8030   5   5   4.6466   3.0195  10.9275  -1.4702  -4.1231   4.5569   0.00    0.0
2018 522773.000   30.532284432  114.357392613    27.1745   5   4   6.5346   3.2049  13.0168  -2.6643  -4.9593   7.2979   0.00    0.0
2018 522774.000   30.532377796  114.357374050    29.5971   5   4   6.5364   3.2052  13.0237  -2.6658  -4.9609   7.3030   0.00    0.0
2018 522775.000   30.532481422  114.357389916    27.8356   5   4   6.5382   3.2054  13.0306  -2.6672  -4.9625   7.3080   0.00    0.0
2018 522776.000   30.532617415  114.357386787    37.2199   5   4   6.5400   3.2057  13.0376  -2.6686  -4.9641   7.3131   0.00    0.0
2018 522777.000   30.532605285  114.357405527    28.5723   5   4   6.5419   3.2059  13.0445  -2.6701  -4.9657   7.3182   0.00    0.0
2018 522778.000   30.532589598  114.357428923    16.0199   5   5   4.6498   3.0199  10.9481  -1.4762  -4.1260   4.5736   0.00    0.0
2018 522779.000   30.532585648  114.357397071    -2.4431   5   4   9.5812   3.8120  14.4285   4.1598   2.1962   9.9818   0.00    0.0
2018 522780.000   30.532722627  114.357440324    11.9027   5   5   4.6508   3.0201  10.9550  -1.4782  -4.1270   4.5792   0.00    0.0
2018 522781.000   30.532629978  114.357393535   -13.2796   5   4   9.5773   3.8112  14.4387   4.1562   2.1953   9.9852   0.00    0.0
2018 522782.000   30.532786844  114.357441157     9.1299   5   4   6.5512   3.2071  13.0794  -2.6773  -4.9737   7.3438   0.00    0.0
2018 522783.000   30.532746792  114.357494641     1.0603   5   4   6.5531   3.2074  13.0864  -2.6788  -4.9754   7.3489   0.00    0.0
2018 522784.000   30.532799937  114.357476424     5.3118   5   4   6.5549   3.2076  13.0934  -2.6802  -4.9770   7.3541   0.00    0.0
2018 522795.000   30.533378068  114.357652629    18.9045   5   4   5.5916   3.3056  11.8614  -2.5255  -3.3408   2.7726   0.00    0.0
2018 522798.000   30.533447415  114.357639126    31.7928   5   4   5.5923   3.3062  11.8700  -2.5276  -3.3424   2.7891   0.00    0.0
2018 522806.000   30.533735543  114.357669297    58.1577   5   5   4.6648   3.0217  11.0458  -1.5038  -4.1394   4.6517   0.00    0.0
2018 522807.000   30.533822656  114.357766576    25.3932   5   5   4.6653   3.0218  11.0493  -1.5048  -4.1399   4.6545   0.00    0.0
2018 522808.000   30.533804683  114.357768084    21.8586   5   4   5.5949   3.3084  11.8988  -2.5348  -3.3480   2.8436   0.00    0.0
2018 522809.000   30.533954865  114.357775526    10.7516   5   5   4.6664   3.0219  11.0564  -1.5067  -4.1409   4.6600   0.00    0.0
2018 522810.000   30.533812474  114.357806208     3.9616   5   4   9.5209   3.8001  14.5861   4.1044   2.1814  10.0329   0.00    0.0
2018 522811.000   30.533987160  114.357744736    46.9210   5   4   5.5956   3.3090  11.9075  -2.5369  -3.3496   2.8597   0.00    0.0
2018 522813.000   30.534090355  114.357728439    43.7370   5   5   4.6686   3.0222  11.0705  -1.5105  -4.1428   4.6712   0.00    0.0
2018 522814.000   30.534140337  114.357787802    53.0918   5   4   6.6115   3.2151  13.3072  -2.7236  -5.0258   7.5091   0.00    0.0
2018 522815.000   30.534026762  114.357843656    12.2327   5   4   9.5112   3.7982  14.6115   4.0956   2.1789  10.0409   0.00    0.0
2018 522819.000   30.534297914  114.357905833    36.1771   5   4   9.5034   3.7968  14.6318   4.0885   2.1770  10.0473   0.00    0.0
2018 522822.000   30.534335847  114.358084340    25.2289   5   4   5.5984   3.3114  11.9397  -2.5446  -3.3558   2.9184   0.00    0.0
2018 522824.000   30.534675697  114.358195774    37.0271   5   4   9.4936   3.7950  14.6573   4.0797   2.1744  10.0553   0.00    0.0
2018 522825.000   30.534644119  114.358146897     6.9405   5   4   5.5991   3.3120  11.9486  -2.5467  -3.3575   2.9342   0.00    0.0
2018 522826.000   30.534661160  114.358217750     7.6760   5   4   5.5994   3.3122  11.9515  -2.5474  -3.3581   2.9395   0.00    0.0
2018 522827.000   30.534634686  114.358299130     2.6325   5   4   6.6366   3.2184  13.4022  -2.7424  -5.0475   7.5772   0.00    0.0
2018 522829.000   30.534753610  114.358395629    16.3500   5   4   5.6002   3.3128  11.9604  -2.5495  -3.3598   2.9552   0.00    0.0
2018 522831.000   30.534851779  114.358403368    15.4728   5   4   9.4801   3.7925  14.6929   4.0674   2.1708  10.0665   0.00    0.0
2018 522832.000   30.535116486  114.358427225    35.9657   5   5   4.6789   3.0234  11.1383  -1.5287  -4.1521   4.7240   0.00    0.0
2018 522833.000   30.535112244  114.358446770    17.7413   5   5   4.6794   3.0235  11.1419  -1.5296  -4.1526   4.7268   0.00    0.0
2018 522837.000   30.535435286  114.358579684    31.7268   5   5   4.6816   3.0238  11.1563  -1.5333  -4.1545   4.7379   0.00    0.0
2018 522838.000   30.535377796  114.358605239    23.4107   5   4   9.4665   3.7900  14.7285   4.0552   2.1673  10.0775   0.00    0.0
2018 522841.000   30.535689562  114.358596019    55.5621   5   4   9.4607   3.7890  14.7437   4.0500   2.1658  10.0821   0.00    0.0
2018 522842.000   30.535654785  114.358560738    54.0412   5   5   4.6843   3.0241  11.1743  -1.5380  -4.1569   4.7518   0.00    0.0
2018 522843.000   30.535609964  114.358412952    59.0548   5   4   9.4568   3.7883  14.7538   4.0465   2.1649  10.0852   0.00    0.0
2018 522844.000   30.535526155  114.358316842    40.0030   5   4   9.4549   3.7879  14.7589   4.0448   2.1645  10.0868   0.00    0.0
2018 522846.000   30.535627460  114.358283164    30.6063   5   4   9.4511   3.7872  14.7691   4.0414   2.1635  10.0899   0.00    0.0
2018 522848.000   30.535890398  114.358274727    64.9465   5   4   5.6050   3.3168  12.0173  -2.5625  -3.3702   3.0533   0.00    0.0
2018 522849.000   30.535887354  114.358186122    30.4899   5   4   5.6052   3.3170  12.0203  -2.5632  -3.3708   3.0584   0.00    0.0
2018 522851.000   30.535919763  114.358252539    50.9161   5   5   4.6893   3.0246  11.2070  -1.5463  -4.1612   4.7769   0.00    0.0
2018 522852.000   30.535993314  114.358186746    44.7105   5   5   4.6898   3.0247  11.2106  -1.5472  -4.1617   4.7796   0.00    0.0
2018 522853.000   30.535984688  114.358163405    36.0167   5   4   6.6874   3.2248  13.5963  -2.7798  -5.0912   7.7147   0.00    0.0
2018 522854.000   30.536218432  114.358141943    27.5344   5   4   9.4356   3.7845  14.8097   4.0276   2.1596  10.1023   0.00    0.0
2018 522856.000   30.536292784  114.358159952     6.6683   5   5   4.6920   3.0249  11.2252  -1.5509  -4.1636   4.7907   0.00    0.0
2018 522862.000   30.536778157  114.358196674    34.0990   5   4   9.4201   3.7818  14.8504   4.0138   2.1556  10.1145   0.00    0.0
2018 522864.000   30.536748744  114.358165783     7.8359   5   5   4.6964   3.0254  11.2545  -1.5582  -4.1675   4.8129   0.00    0.0
2018 522865.000   30.536826619  114.358204271    31.0882   5   5   4.6969   3.0255  11.2582  -1.5591  -4.1679   4.8157   0.00    0.0
2018 522866.000   30.536880119  114.358246704    41.8491   5   5   4.6975   3.0255  11.2619  -1.5600  -4.1684   4.8185   0.00    0.0
2018 522868.000   30.536855209  114.358284565    49.8967   5   5   4.6986   3.0257  11.2692  -1.5618  -4.1694   4.8241   0.00    0.0
2018 522869.000   30.536941836  114.358247937    51.1183   5   5   4.6992   3.0257  11.2729  -1.5627  -4.1699   4.8268   0.00    0.0
2018 522870.000   30.536946306  114.358211628    51.4358   5   5   4.6997   3.0258  11.2766  -1.5636  -4.1703   4.8296   0.00    0.0
2018 522871.000   30.536875385  114.358196859    56.3455   5   5   4.7003   3.0258  11.2803  -1.5645  -4.1708   4.8324   0.00    0.0
2018 522872.000   30.536963369  114.358163621    65.0027   5   5   4.7008   3.0259  11.2840  -1.5654  -4.1713   4.8352   0.00    0.0
2018 522873.000   30.536937060  114.358166392    64.3906   5   5   4.7014   3.0260  11.2877  -1.5663  -4.1718   4.8380   0.00    0.0
2018 522874.000   30.536851050  114.358210632    45.4584   5   4   6.7294   3.2301  13.7573  -2.8099  -5.1272   7.8274   0.00    0.0
2018 522876.000   30.536893462  114.358277753    55.4992   5   5   4.7031   3.0262  11.2988  -1.5691  -4.1733   4.8464   0.00    0.0
2018 522877.000   30.536883061  114.358315093    51.1730   5   5   4.7036   3.0262  11.3025  -1.5700  -4.1737   4.8492   0.00    0.0
2018 522878.000   30.536850931  114.358253770    58.3037   5   5   4.7042   3.0263  11.3062  -1.5709  -4.1742   4.8519   0.00    0.0
2018 522879.000   30.536843954  114.358306474    42.0262   5   5   4.7048   3.0263  11.3099  -1.5718  -4.1747   4.8547   0.00    0.0
2018 522880.000   30.536861502  114.358325294    45.1578   5   5   4.7053   3.0264  11.3136  -1.5727  -4.1752   4.8575   0.00    0.0
2018 522881.000   30.536827885  114.358280295    36.1656   5   5   4.7059   3.0265  11.3174  -1.5736  -4.1757   4.8603   0.00    0.0
2018 522882.000   30.536810619  114.358272330    39.4228   5   5   4.7065   3.0265  11.3211  -1.5745  -4.1762   4.8631   0.00    0.0
2018 522883.000   30.536827757  114.358296151    65.8747   5   5   4.7070   3.0266  11.3248  -1.5754  -4.1766   4.8659   0.00    0.0
2018 522884.000   30.536819796  114.358363638    28.7505   5   5   4.7076   3.0267  11.3285  -1.5763  -4.1771   4.8687   0.00    0.0
2018 522885.000   30.536856270  114.358348520    50.3594   5   5   4.7081   3.0267  11.3322  -1.5771  -4.1776   4.8715   0.00    0.0
2018 522886.000   30.536920413  114.358418572    39.0132   5   5   4.7087   3.0268  11.3360  -1.5780  -4.1781   4.8742   0.00    0.0
2018 522887.000   30.536930404  114.358471169    47.4863   5   5   4.7093   3.0268  11.3397  -1.5789  -4.1786   4.8770   0.00    0.0
2018 522888.000   30.536952417  114.358525168    23.3879   5   5   4.7098   3.0269  11.3435  -1.5798  -4.1791   4.8798   0.00    0.0
2018 522889.000   30.536993862  114.358541770    37.6548   5   5   4.7104   3.0270  11.3472  -1.5807  -4.1796   4.8826   0.00    0.0
2018 522890.000   30.537004335  114.358564690    90.2057   5   4   4.8258   3.2498  21.6090  -1.1241  -6.2623   2.1493   0.00    0.0
2018 522891.000   30.537109040  114.358643183    37.0667   5   4   9.3647   3.7726  14.9977   3.9645   2.1408  10.1583   0.00    0.0
2018 522892.000   30.537032072  114.358698397    24.6716   5   5   4.7121   3.0272  11.3584  -1.5834  -4.1811   4.8909   0.00    0.0
2018 522893.000   30.537116709  114.358722161    30.1420   5   5   4.7126   3.0272  11.3622  -1.5842  -4.1816   4.8937   0.00    0.0
2018 522894.000   30.537130372  114.358771872    34.2595   5   5   4.7132   3.0273  11.3659  -1.5851  -4.1820   4.8965   0.00    0.0
2018 522895.000   30.537131818  114.358834360    16.9429   5   5   4.7138   3.0274  11.3697  -1.5860  -4.1825   4.8993   0.00    0.0
2018 522896.000   30.537170231  114.358856311    30.4940   5   5   4.7143   3.0274  11.3734  -1.5869  -4.1830   4.9021   0.00    0.0
2018 522897.000   30.537177160  114.358889399    31.4698   5   5   4.7149   3.0275  11.3772  -1.5878  -4.1835   4.9048   0.00    0.0
2018 522898.000   30.537222746  114.359003771    14.2841   5   5   4.7154   3.0276  11.3810  -1.5887  -4.1840   4.9076   0.00    0.0
2018 522899.000   30.537283581  114.358962307    36.2760   5   5   4.7160   3.0276  11.3847  -1.5895  -4.1845   4.9104   0.00    0.0
2018 522900.000   30.537285572  114.359068653    34.6834   5   5   4.7166   3.0277  11.3885  -1.5904  -4.1850   4.9132   0.00    0.0
2018 522901.000   30.537220732  114.359136715     8.9515   5   5   4.7171   3.0278  11.3923  -1.5913  -4.1855   4.9160   0.00    0.0
2018 522902.000   30.537362815  114.359157700    28.6044   5   5   4.7177   3.0278  11.3960  -1.5922  -4.1860   4.9187   0.00    0.0
2018 522906.000   30.537533212  114.359177861    29.0779   5   4   4.8368   3.2437  21.6252  -1.1477  -6.2371   2.2116   0.00    0.0
2018 522907.000   30.537582165  114.359189140    37.2857   5   4   4.8375   3.2433  21.6262  -1.1491  -6.2354   2.2154   0.00    0.0
2018 522908.000   30.537635214  114.359174467    33.3681   5   4   4.8381   3.2429  21.6272  -1.1506  -6.2338   2.2192   0.00    0.0
2018 522910.000   30.537623512  114.359288824    10.9084   5   5   4.7222   3.0283  11.4263  -1.5991  -4.1899   4.9409   0.00    0.0
2018 522911.000   30.537631628  114.359260963    23.5664   5   5   4.7227   3.0284  11.4301  -1.6000  -4.1903   4.9437   0.00    0.0
2018 522912.000   30.537719442  114.359202737    42.4702   5   5   4.7233   3.0284  11.4339  -1.6008  -4.1908   4.9465   0.00    0.0
2018 522915.000   30.537790464  114.359306072    38.3941   5   5   4.7250   3.0286  11.4453  -1.6034  -4.1923   4.9548   0.00    0.0
2018 522916.000   30.537768242  114.359336869    31.9071   5   5   4.7256   3.0287  11.4491  -1.6043  -4.1928   4.9576   0.00    0.0
2018 522917.000   30.537795874  114.359356423    21.9962   5   5   4.7261   3.0287  11.4529  -1.6051  -4.1932   4.9604   0.00    0.0
2018 522918.000   30.537881221  114.359382109    33.0353   5   5   4.7267   3.0288  11.4567  -1.6060  -4.1937   4.9631   0.00    0.0
2018 522919.000   30.537972943  114.359404246    46.1547   5   5   4.7272   3.0289  11.4605  -1.6068  -4.1942   4.9659   0.00    0.0
2018 522920.000   30.537976777  114.359440514    37.4179   5   5   4.7278   3.0289  11.4643  -1.6077  -4.1947   4.9687   0.00    0.0
2018 522921.000   30.538041344  114.359467866    36.0390   5   5   4.7284   3.0290  11.4681  -1.6085  -4.1952   4.9715   0.00    0.0
2018 522922.000   30.538084666  114.359500050    35.0203   5   5   4.7289   3.0290  11.4720  -1.6094  -4.1957   4.9742   0.00    0.0
2018 522923.000   30.538163707  114.359524056    38.4209   5   5   4.7295   3.0291  11.4758  -1.6102  -4.1961   4.9770   0.00    0.0
2018 522924.000   30.538134326  114.359563684    44.2733   5   5   4.7301   3.0292  11.4796  -1.6111  -4.1966   4.9798   0.00    0.0
2018 522925.000   30.538152199  114.359679632    32.9542   5   5   4.7306   3.0292  11.4834  -1.6120  -4.1971   4.9826   0.00    0.0
2018 522927.000   30.538306308  114.359675318    34.4051   5   5   4.7318   3.0294  11.4911  -1.6136  -4.1981   4.9881   0.00    0.0
2018 522929.000   30.538327197  114.359809944    43.3565   5   5   4.7329   3.0295  11.4988  -1.6153  -4.1991   4.9936   0.00    0.0
2018 522930.000   30.538390978  114.359899766    35.3727   5   4   9.2903   3.7612  15.1956   3.8996   2.1205  10.2147   0.00    0.0
2018 522931.000   30.538333813  114.359988354    21.7917   5   5   4.7341   3.0296  11.5065  -1.6171  -4.2001   4.9992   0.00    0.0
2018 522932.000   30.538401243  114.360058887    25.6581   5   5   4.7346   3.0297  11.5103  -1.6179  -4.2006   5.0020   0.00    0.0
2018 522934.000   30.538509256  114.360217289    30.9734   5   4   9.2827   3.7601  15.2159   3.8930   2.1183  10.2204   0.00    0.0
2018 522935.000   30.538544992  114.360282202    58.4195   5   4   4.8569   3.2327  21.6544  -1.1888  -6.1905   2.3194   0.00    0.0
2018 522937.000   30.538547109  114.360460356    20.8269   5   5   4.7375   3.0300  11.5296  -1.6221  -4.2031   5.0159   0.00    0.0
2018 522938.000   30.538577511  114.360521839    23.2463   5   4   4.8591   3.2316  21.6575  -1.1930  -6.1857   2.3304   0.00    0.0
2018 522939.000   30.538624037  114.360634215    31.4818   5   4   9.2732   3.7587  15.2413   3.8847   2.1156  10.2274   0.00    0.0
2018 522940.000   30.538617923  114.360694882    20.0214   5   5   4.7392   3.0302  11.5412  -1.6247  -4.2046   5.0242   0.00    0.0
2018 522943.000   30.538710836  114.360875542    41.5424   5   5   4.7409   3.0304  11.5528  -1.6272  -4.2060   5.0325   0.00    0.0
2018 522944.000   30.538792151  114.360957960    34.4987   5   5   4.7415   3.0305  11.5567  -1.6280  -4.2065   5.0353   0.00    0.0
2018 522945.000   30.538777936  114.360994319    45.5944   5   5   4.7420   3.0305  11.5606  -1.6288  -4.2070   5.0381   0.00    0.0
2018 522946.000   30.538772693  114.361119562    45.9324   5   5   4.7426   3.0306  11.5645  -1.6297  -4.2075   5.0409   0.00    0.0
2018 522947.000   30.538806297  114.361203042    44.0527   5   5   4.7432   3.0307  11.5684  -1.6305  -4.2080   5.0436   0.00    0.0
2018 522949.000   30.538780359  114.361338294    27.4148   5   4   4.8669   3.2276  21.6686  -1.2082  -6.1680   2.3698   0.00    0.0
2018 522950.000   30.538814392  114.361404470    40.3005   5   4   4.8676   3.2272  21.6696  -1.2095  -6.1663   2.3733   0.00    0.0
2018 522951.000   30.538815005  114.361488122    21.0353   5   5   4.7455   3.0309  11.5840  -1.6339  -4.2100   5.0548   0.00    0.0
2018 522952.000   30.538830084  114.361540767    25.6099   5   5   4.7461   3.0310  11.5879  -1.6347  -4.2105   5.0576   0.00    0.0
2018 522953.000   30.538848998  114.361567388    28.2333   5   5   4.7466   3.0310  11.5918  -1.6355  -4.2110   5.0603   0.00    0.0
2018 522954.000   30.538822950  114.361610960    39.0223   5   5   4.7472   3.0311  11.5957  -1.6363  -4.2114   5.0631   0.00    0.0
2018 522955.000   30.538843682  114.361635981    37.0413   5   5   4.7478   3.0312  11.5996  -1.6372  -4.2119   5.0659   0.00    0.0
2018 522956.000   30.538885103  114.361671620    32.7191   5   5   4.7484   3.0312  11.6035  -1.6380  -4.2124   5.0687   0.00    0.0
2018 522957.000   30.538843194  114.361659432    44.3877   5   5   4.7489   3.0313  11.6074  -1.6388  -4.2129   5.0714   0.00    0.0
2018 522958.000   30.538840081  114.361690668    43.3831   5   5   4.7495   3.0313  11.6113  -1.6396  -4.2134   5.0742   0.00    0.0
2018 522959.000   30.538931085  114.361758461    49.9063   5   5   4.7501   3.0314  11.6152  -1.6404  -4.2139   5.0770   0.00    0.0
2018 522960.000   30.538863237  114.361759300    41.0473   5   5   4.7507   3.0315  11.6191  -1.6413  -4.2143   5.0798   0.00    0.0
2018 522961.000   30.538921231  114.361752267    49.6509   5   5   4.7512   3.0315  11.6231  -1.6421  -4.2148   5.0825   0.00    0.0
2018 522962.000   30.538900322  114.361846534    31.3140   5   5   4.7518   3.0316  11.6270  -1.6429  -4.2153   5.0853   0.00    0.0
2018 522963.000   30.538922278  114.361923149    41.5863   5   5   4.7524   3.0317  11.6309  -1.6437  -4.2158   5.0881   0.00    0.0
2018 522964.000   30.538955066  114.361919663    50.6515   5   5   4.7529   3.0317  11.6348  -1.6445  -4.2163   5.0909   0.00    0.0
2018 522965.000   30.538933158  114.362001394    32.2338   5   5   4.7535   3.0318  11.6388  -1.6453  -4.2168   5.0937   0.00    0.0
2018 522971.000   30.538827869  114.362297766    25.8743   5   4   4.8827   3.2195  21.6907  -1.2379  -6.1316   2.4473   0.00    0.0
2018 522975.000   30.538809555  114.362658473   -10.7860   5   4   4.8856   3.2180  21.6948  -1.2432  -6.1250   2.4611   0.00    0.0
2018 522976.000   30.538771832  114.362776801     4.2810   5   4   4.8863   3.2177  21.6958  -1.2446  -6.1234   2.4646   0.00    0.0
2018 522978.000   30.538725758  114.362953868    18.1121   5   4   9.1997   3.7488  15.4389   3.8217   2.0949  10.2811   0.00    0.0
2018 522980.000   30.538787312  114.363130534    21.1242   5   5   4.7623   3.0327  11.6981  -1.6576  -4.2242   5.1354   0.00    0.0
2018 522984.000   30.538867363  114.363422719    18.7939   5   4   4.8921   3.2148  21.7038  -1.2550  -6.1102   2.4916   0.00    0.0
2018 522986.000   30.539024252  114.363554633    32.1731   5   4   6.9684   3.2591  14.6834  -2.9709  -5.3305   8.4557   0.00    0.0
2018 522987.000   30.538962955  114.363638676    15.8177   5   5   4.7663   3.0332  11.7260  -1.6631  -4.2276   5.1548   0.00    0.0
2018 522988.000   30.539011888  114.363770043    18.7563   5   5   4.7669   3.0332  11.7300  -1.6639  -4.2281   5.1576   0.00    0.0
2018 522989.000   30.538999624  114.363888461    21.7625   5   5   4.7675   3.0333  11.7340  -1.6647  -4.2286   5.1604   0.00    0.0
2018 522990.000   30.539181027  114.363852722    61.5324   5   4   6.9773   3.2602  14.7186  -2.9766  -5.3380   8.4790   0.00    0.0
2018 522992.000   30.539123646  114.364093375    17.0127   5   4   6.9819   3.2607  14.7364  -2.9795  -5.3419   8.4908   0.00    0.0
2018 522993.000   30.539050287  114.364180313     7.0378   5   5   4.7698   3.0335  11.7500  -1.6679  -4.2305   5.1715   0.00    0.0
2018 522994.000   30.538994992  114.364275916    22.0866   5   4   9.1696   3.7450  15.5199   3.7962   2.0864  10.3023   0.00    0.0
2018 522996.000   30.539070910  114.364262958    30.5873   5   4   9.1658   3.7445  15.5300   3.7931   2.0854  10.3049   0.00    0.0
2018 522997.000   30.539106001  114.364174407    60.7683   5   5   4.7721   3.0338  11.7660  -1.6710  -4.2324   5.1826   0.00    0.0
2018 523000.000   30.539116710  114.364197737    61.1637   5   5   4.7738   3.0339  11.7781  -1.6734  -4.2338   5.1909   0.00    0.0
2018 523001.000   30.539093195  114.364307583    44.6828   5   5   4.7744   3.0340  11.7821  -1.6741  -4.2343   5.1937   0.00    0.0
2018 523004.000   30.539080799  114.364299827    40.5478   5   5   4.7762   3.0342  11.7942  -1.6765  -4.2357   5.2020   0.00    0.0
2018 523005.000   30.539108072  114.364339253    35.8435   5   5   4.7767   3.0342  11.7983  -1.6772  -4.2362   5.2048   0.00    0.0
2018 523006.000   30.539113381  114.364395772    39.2932   5   5   4.7773   3.0343  11.8023  -1.6780  -4.2367   5.2076   0.00    0.0
2018 523007.000   30.539114825  114.364450676    25.5277   5   5   4.7779   3.0343  11.8064  -1.6788  -4.2372   5.2103   0.00    0.0
2018 523008.000   30.539067008  114.364570511     3.2530   5   5   4.7785   3.0344  11.8104  -1.6796  -4.2377   5.2131   0.00    0.0
2018 523009.000   30.539167148  114.364581856    23.7521   5   5   4.7791   3.0344  11.8145  -1.6803  -4.2381   5.2159   0.00    0.0
2018 523010.000   30.539162467  114.364685255    17.6981   5   5   4.7797   3.0345  11.8185  -1.6811  -4.2386   5.2187   0.00    0.0
2018 523012.000   30.539196350  114.364850035    24.5611   5   5   4.7808   3.0346  11.8266  -1.6827  -4.2396   5.2242   0.00    0.0
2018 523013.000   30.539280040  114.365009459    30.6565   5   4   9.1339   3.7407  15.6159   3.7665   2.0769  10.3269   0.00    0.0
2018 523017.000   30.539294981  114.365248874    36.3290   5   4   7.0390   3.2672  14.9610  -3.0152  -5.3897   8.6381   0.00    0.0
2018 523023.000   30.539103603  114.365714647    30.2309   5   4   7.0530   3.2688  15.0159  -3.0239  -5.4014   8.6739   0.00    0.0
2018 523024.000   30.538996487  114.365846893    13.6177   5   5   4.7879   3.0354  11.8755  -1.6919  -4.2454   5.2576   0.00    0.0
2018 523025.000   30.539022063  114.365854127    33.8669   5   5   4.7885   3.0354  11.8796  -1.6927  -4.2459   5.2603   0.00    0.0
2018 523026.000   30.538935158  114.365965106    15.9178   5   4   7.0600   3.2696  15.0435  -3.0282  -5.4073   8.6919   0.00    0.0
2018 523032.000   30.538977336  114.366441683    48.1230   5   4   9.0984   3.7367  15.7118   3.7371   2.0672  10.3511   0.00    0.0
2018 523035.000   30.539132872  114.366824112    28.1763   5   4   9.0928   3.7361  15.7269   3.7325   2.0656  10.3548   0.00    0.0
2018 523036.000   30.538966188  114.366843159     7.2922   5   4   7.0835   3.2722  15.1361  -3.0425  -5.4269   8.7520   0.00    0.0
2018 523037.000   30.539010641  114.366927861    16.5866   5   5   4.7955   3.0361  11.9289  -1.7017  -4.2517   5.2937   0.00    0.0
2018 523038.000   30.539011773  114.367042208    -7.2576   5   4   9.0872   3.7355  15.7421   3.7279   2.0641  10.3586   0.00    0.0
2018 523039.000   30.539342124  114.367083991    38.0397   5   4   9.0852   3.7352  15.7471   3.7264   2.0637  10.3597   0.00    0.0
2018 523041.000   30.539509945  114.367094000    48.7916   5   4   9.0814   3.7348  15.7571   3.7233   2.0628  10.3621   0.00    0.0
2018 523042.000   30.539439637  114.367074779    31.3850   5   5   4.7984   3.0364  11.9495  -1.7054  -4.2540   5.3074   0.00    0.0
2018 523088.000   30.539583816  114.366946606    70.5753   5   5   4.8254   3.0386  12.1423  -1.7381  -4.2748   5.4347   0.00    0.0
2018 523089.000   30.539582356  114.367053681    53.5149   5   5   4.8260   3.0386  12.1465  -1.7388  -4.2753   5.4375   0.00    0.0
2018 523090.000   30.539599150  114.367054785    32.8909   5   5   4.8265   3.0387  12.1508  -1.7395  -4.2757   5.4402   0.00    0.0
2018 523091.000   30.539653290  114.366992412    26.1461   5   5   4.8271   3.0387  12.1551  -1.7401  -4.2762   5.4430   0.00    0.0
2018 523092.000   30.539711325  114.367021224    18.1019   5   5   4.8277   3.0387  12.1593  -1.7408  -4.2766   5.4457   0.00    0.0
2018 523093.000   30.539750514  114.367014107    19.1078   5   5   4.8283   3.0388  12.1636  -1.7415  -4.2770   5.4485   0.00    0.0
2018 523094.000   30.539809952  114.367021404    43.0444   5   5   4.8289   3.0388  12.1678  -1.7422  -4.2775   5.4512   0.00    0.0
2018 523098.000   30.540240195  114.366955928    43.5906   5   4   5.6708   3.3653  12.8756  -2.7087  -3.5068   4.1809   0.00    0.0
2018 523099.000   30.540294242  114.366929620    69.4993   5   5   4.8317   3.0390  12.1891  -1.7455  -4.2797   5.4649   0.00    0.0
2018 523100.000   30.540369940  114.366898249    55.5283   5   5   4.8323   3.0391  12.1934  -1.7462  -4.2801   5.4676   0.00    0.0
2018 523102.000   30.540239193  114.366817243    26.5355   5   5   4.8335   3.0392  12.2020  -1.7475  -4.2810   5.4732   0.00    0.0
2018 523108.000   30.540559197  114.366794417    35.3034   5   5   4.8370   3.0394  12.2278  -1.7515  -4.2836   5.4897   0.00    0.0
2018 523112.000   30.540663148  114.366696242    35.2486   5   5   4.8393   3.0396  12.2450  -1.7541  -4.2853   5.5007   0.00    0.0
2018 523116.000   30.540892136  114.366833336    44.6394   5   4   8.9412   3.7216  16.1332   3.6130   2.0328  10.4492   0.00    0.0
2018 523117.000   30.540851872  114.366754233    31.8237   5   5   4.8422   3.0398  12.2666  -1.7574  -4.2875   5.5145   0.00    0.0
2018 523118.000   30.540838226  114.366720625    28.7063   5   5   4.8428   3.0398  12.2709  -1.7581  -4.2879   5.5172   0.00    0.0
2018 523120.000   30.541235515  114.366861084    64.3099   5   4   8.9336   3.7210  16.1531   3.6073   2.0314  10.4535   0.00    0.0
2018 523124.000   30.541110199  114.366790653    20.7221   5   5   4.8463   3.0401  12.2969  -1.7620  -4.2905   5.5337   0.00    0.0
2018 523127.000   30.541723186  114.366764444    78.2208   5   4   8.9205   3.7199  16.1880   3.5974   2.0291  10.4610   0.00    0.0
2018 523128.000   30.541511352  114.366585111    16.3749   5   4   8.9187   3.7198  16.1930   3.5960   2.0289  10.4622   0.00    0.0
2018 523132.000   30.541744246  114.366419045    46.7482   5   5   4.8509   3.0403  12.3317  -1.7670  -4.2938   5.5556   0.00    0.0
2018 523133.000   30.541561504  114.366300933     5.4141   5   5   4.8515   3.0404  12.3361  -1.7677  -4.2942   5.5584   0.00    0.0
2018 523134.000   30.541643359  114.366203172    22.2079   5   5   4.8521   3.0404  12.3404  -1.7683  -4.2946   5.5612   0.00    0.0
2018 523135.000   30.541607626  114.366181598    -6.2890   5   4   5.0077   3.1613  21.8508  -1.4348  -5.8362   2.9443   0.00    0.0
2018 523136.000   30.541608844  114.366101592     2.1584   5   5   4.8533   3.0405  12.3492  -1.7696  -4.2954   5.5667   0.00    0.0
2018 523137.000   30.541732220  114.366091355     9.1799   5   4   5.6807   3.3717  13.0277  -2.7267  -3.5250   4.3369   0.00    0.0
2018 523138.000   30.541708062  114.365992699    42.2972   5   4   5.6810   3.3719  13.0317  -2.7272  -3.5254   4.3409   0.00    0.0
2018 523139.000   30.541772448  114.365969916    38.1955   5   4   5.6812   3.3720  13.0356  -2.7276  -3.5259   4.3449   0.00    0.0
2018 523150.000   30.542876248  114.366001210   116.0984   5   4   8.8773   3.7167  16.3024   3.5653   2.0223  10.4851   0.00    0.0
2018 523157.000   30.543195468  114.365474281    29.7629   5   4   5.6857   3.3749  13.1076  -2.7354  -3.5338   4.4152   0.00    0.0
2018 523164.000   30.543524733  114.365264897     2.5577   5   4   8.8512   3.7149  16.3720   3.5462   2.0189  10.4993   0.00    0.0
2018 523165.000   30.543684368  114.365296816     2.9713   5   4   5.0318   3.1511  21.8786  -1.4667  -5.7763   3.0214   0.00    0.0
2018 523166.000   30.543694117  114.365262020    48.1995   5   4   5.6879   3.3763  13.1439  -2.7392  -3.5377   4.4501   0.00    0.0
2018 523167.000   30.543700711  114.365225898    34.0772   5   5   4.8712   3.0415  12.4858  -1.7885  -4.3080   5.6515   0.00    0.0
2018 523168.000   30.543631834  114.365217376    18.3681   5   5   4.8718   3.0415  12.4902  -1.7891  -4.3085   5.6543   0.00    0.0
2018 523169.000   30.543717226  114.365227771    20.0672   5   5   4.8724   3.0415  12.4947  -1.7897  -4.3089   5.6570   0.00    0.0
2018 523170.000   30.543670450  114.365206870     8.3832   5   4   5.0359   3.1494  21.8833  -1.4720  -5.7663   3.0345   0.00    0.0
2018 523171.000   30.543720778  114.365078482    36.3312   5   4   5.0367   3.1491  21.8842  -1.4730  -5.7642   3.0371   0.00    0.0
2018 523172.000   30.543654705  114.365156828    17.0226   5   4   5.0375   3.1488  21.8852  -1.4741  -5.7622   3.0398   0.00    0.0
2018 523173.000   30.543602266  114.365121133    50.1704   5   4   5.0384   3.1484  21.8861  -1.4752  -5.7602   3.0425   0.00    0.0
2018 523174.000   30.543587426  114.365135185    36.3327   5   4   5.0392   3.1481  21.8870  -1.4763  -5.7582   3.0451   0.00    0.0
2018 523175.000   30.543614223  114.365162822    24.2435   5   4   5.0400   3.1478  21.8880  -1.4773  -5.7562   3.0476   0.00    0.0
2018 523176.000   30.543631710  114.365147499    31.4774   5   4   5.0408   3.1475  21.8889  -1.4784  -5.7542   3.0502   0.00    0.0
2018 523184.000   30.543688997  114.365234146   -48.2932   5   5   4.8812   3.0420  12.5618  -1.7987  -4.3149   5.6983   0.00    0.0
2018 523185.000   30.543695612  114.365192159   -29.2338   5   5   4.8818   3.0421  12.5663  -1.7993  -4.3153   5.7010   0.00    0.0
2018 523186.000   30.543649564  114.365175015    22.0003   5   4   5.0491   3.1442  21.8983  -1.4888  -5.7340   3.0759   0.00    0.0
2018 523187.000   30.543651805  114.365181778    13.3320   5   4   5.0499   3.1439  21.8992  -1.4899  -5.7319   3.0785   0.00    0.0
2018 523188.000   30.543657502  114.365172571    15.9145   5   4   5.0508   3.1436  21.9002  -1.4909  -5.7299   3.0811   0.00    0.0
2018 523189.000   30.543656449  114.365171440    14.5711   5   4   5.0516   3.1433  21.9011  -1.4920  -5.7279   3.0836   0.00    0.0
2018 523190.000   30.543657314  114.365169294    14.0130   5   4   5.0524   3.1429  21.9020  -1.4930  -5.7258   3.0862   0.00    0.0
2018 523191.000   30.543659018  114.365170831    13.4745   5   4   5.0533   3.1426  21.9030  -1.4941  -5.7238   3.0887   0.00    0.0
2018 523193.000   30.543642863  114.365148797    56.4904   5   5   4.8865   3.0423  12.6023  -1.8039  -4.3185   5.7230   0.00    0.0
2018 523194.000   30.543669216  114.365165432    19.7589   5   5   4.8871   3.0423  12.6068  -1.8045  -4.3189   5.7258   0.00    0.0
2018 523195.000   30.543669440  114.365164541    24.6808   5   5   4.8877   3.0424  12.6113  -1.8051  -4.3193   5.7285   0.00    0.0
2018 523196.000   30.543677115  114.365165722    18.5143   5   4   5.0574   3.1410  21.9076  -1.4992  -5.7135   3.1014   0.00    0.0
2018 523197.000   30.543673610  114.365166103    18.4126   5   4   5.0583   3.1407  21.9086  -1.5003  -5.7115   3.1039   0.00    0.0
2018 523198.000   30.543673996  114.365164215    18.2770   5   4   5.0591   3.1404  21.9095  -1.5013  -5.7094   3.1064   0.00    0.0
2018 523199.000   30.543680288  114.365145925    22.8254   5   4   5.0599   3.1400  21.9104  -1.5023  -5.7074   3.1089   0.00    0.0
2018 523200.000   30.543638207  114.365138538     3.0376   5   5   4.8907   3.0425  12.6340  -1.8080  -4.3212   5.7423   0.00    0.0
2018 523201.000   30.543648277  114.365130731    13.8162   5   5   4.8912   3.0426  12.6385  -1.8085  -4.3216   5.7450   0.00    0.0
2018 523202.000   30.543587310  114.365130901    10.8061   5   5   4.8918   3.0426  12.6430  -1.8091  -4.3220   5.7478   0.00    0.0
2018 523203.000   30.543612186  114.365078955    -2.0396   5   5   4.8924   3.0426  12.6476  -1.8097  -4.3224   5.7505   0.00    0.0
2018 523204.000   30.543584769  114.364992984     7.9965   5   5   4.8930   3.0426  12.6521  -1.8102  -4.3227   5.7533   0.00    0.0
2018 523205.000   30.543572563  114.365017542     2.6075   5   5   4.8936   3.0427  12.6566  -1.8108  -4.3231   5.7560   0.00    0.0
2018 523206.000   30.543600245  114.364930110    -2.7915   5   5   4.8942   3.0427  12.6612  -1.8114  -4.3235   5.7588   0.00    0.0
2018 523207.000   30.543608738  114.364904589     5.3285   5   5   4.8948   3.0427  12.6657  -1.8119  -4.3238   5.7615   0.00    0.0
2018 523208.000   30.543574139  114.364845689    -2.0374   5   5   4.8954   3.0427  12.6703  -1.8125  -4.3242   5.7643   0.00    0.0
2018 523209.000   30.543589710  114.364819627     6.4892   5   5   4.8960   3.0428  12.6748  -1.8130  -4.3246   5.7670   0.00    0.0
2018 523210.000   30.543550271  114.364741757     6.4619   5   5   4.8966   3.0428  12.6794  -1.8136  -4.3250   5.7698   0.00    0.0
2018 523211.000   30.543547804  114.364703123    -1.2503   5   5   4.8971   3.0428  12.6839  -1.8142  -4.3253   5.7725   0.00    0.0
2018 523212.000   30.543520518  114.364634658   -11.5747   5   4   5.0708   3.1358  21.9225  -1.5157  -5.6801   3.1417   0.00    0.0
2018 523213.000   30.543619293  114.364569290     6.3464   5   5   4.8983   3.0428  12.6930  -1.8152  -4.3261   5.7780   0.00    0.0
2018 523214.000   30.543603958  114.364492155    14.2871   5   5   4.8989   3.0429  12.6976  -1.8158  -4.3264   5.7807   0.00    0.0
2018 523215.000   30.543624051  114.364455131    17.0945   5   5   4.8995   3.0429  12.7021  -1.8163  -4.3268   5.7835   0.00    0.0
2018 523216.000   30.543722813  114.364385421    14.5580   5   5   4.9000   3.0429  12.7067  -1.8169  -4.3271   5.7862   0.00    0.0
2018 523217.000   30.543763624  114.364321837    27.8174   5   5   4.9006   3.0429  12.7113  -1.8174  -4.3275   5.7889   0.00    0.0
2018 523218.000   30.543760033  114.364270277     9.5956   5   5   4.9012   3.0429  12.7159  -1.8180  -4.3279   5.7916   0.00    0.0
2018 523219.000   30.543769572  114.364182726     5.8979   5   4   5.0767   3.1336  21.9288  -1.5228  -5.6652   3.1587   0.00    0.0
2018 523220.000   30.543833993  114.364098296    30.5374   5   4   5.0775   3.1332  21.9297  -1.5238  -5.6630   3.1611   0.00    0.0
2018 523221.000   30.543854502  114.364086947    12.8819   5   4   5.0784   3.1329  21.9306  -1.5248  -5.6609   3.1635   0.00    0.0
2018 523222.000   30.543874314  114.363952456    36.0241   5   5   4.9035   3.0430  12.7341  -1.8201  -4.3293   5.8026   0.00    0.0
2018 523223.000   30.543885082  114.363859394    17.7215   5   4   5.0801   3.1322  21.9324  -1.5268  -5.6566   3.1684   0.00    0.0
2018 523224.000   30.543842300  114.363845354    12.3010   5   5   4.9047   3.0431  12.7433  -1.8212  -4.3300   5.8081   0.00    0.0
2018 523225.000   30.543832480  114.363738032    22.2637   5   5   4.9053   3.0431  12.7479  -1.8217  -4.3303   5.8108   0.00    0.0
2018 523226.000   30.543819839  114.363701508    18.6906   5   4   5.0826   3.1313  21.9352  -1.5298  -5.6501   3.1758   0.00    0.0
2018 523227.000   30.543861669  114.363613802    15.6926   5   4   5.0834   3.1310  21.9361  -1.5308  -5.6480   3.1782   0.00    0.0
2018 523228.000   30.543739883  114.363541856    33.4972   5   4   5.0843   3.1306  21.9370  -1.5319  -5.6458   3.1808   0.00    0.0
2018 523229.000   30.543751891  114.363550372    23.5426   5   4   5.0851   3.1303  21.9379  -1.5329  -5.6437   3.1832   0.00    0.0
2018 523230.000   30.543727789  114.363448536    41.8324   5   4   5.0860   3.1300  21.9388  -1.5339  -5.6415   3.1857   0.00    0.0
2018 523231.000   30.543711240  114.363412042    33.6373   5   4   5.0868   3.1297  21.9397  -1.5349  -5.6394   3.1882   0.00    0.0
2018 523232.000   30.543650211  114.363403464    44.1450   5   4   5.0877   3.1294  21.9407  -1.5359  -5.6372   3.1907   0.00    0.0
2018 523233.000   30.543642101  114.363396897     1.7660   5   4   5.0886   3.1291  21.9416  -1.5369  -5.6351   3.1931   0.00    0.0
2018 523234.000   30.543637067  114.363309663    22.8661   5   4   5.0894   3.1287  21.9425  -1.5379  -5.6329   3.1956   0.00    0.0
2018 523235.000   30.543598396  114.363286966    24.3194   5   4   5.0903   3.1284  21.9434  -1.5389  -5.6308   3.1980   0.00    0.0
2018 523236.000   30.543558991  114.363204776    47.7155   5   4   5.0911   3.1281  21.9443  -1.5399  -5.6286   3.2005   0.00    0.0
2018 523237.000   30.543563436  114.363150107    31.5129   5   4   5.0920   3.1278  21.9453  -1.5409  -5.6265   3.2029   0.00    0.0
2018 523239.000   30.543456296  114.363055252    16.5387   5   4   5.0937   3.1272  21.9471  -1.5429  -5.6221   3.2079   0.00    0.0
2018 523240.000   30.543442914  114.362972252    17.2046   5   4   5.0945   3.1268  21.9480  -1.5439  -5.6199   3.2103   0.00    0.0
2018 523241.000   30.543392445  114.362957057    17.4587   5   4   5.0954   3.1265  21.9489  -1.5449  -5.6178   3.2128   0.00    0.0
2018 523242.000   30.543312074  114.362912101    11.4749   5   4   5.0963   3.1262  21.9499  -1.5459  -5.6156   3.2153   0.00    0.0
2018 523243.000   30.543367321  114.362863769     9.9425   5   4   5.0971   3.1259  21.9508  -1.5469  -5.6135   3.2177   0.00    0.0
2018 523244.000   30.543301177  114.362756247    41.8870   5   4   5.0980   3.1256  21.9516  -1.5479  -5.6112   3.2201   0.00    0.0
2018 523246.000   30.543212307  114.362703346    40.2104   5   4   5.0997   3.1250  21.9535  -1.5499  -5.6069   3.2250   0.00    0.0
2018 523248.000   30.543148640  114.362616885    42.5648   5   4   5.1014   3.1244  21.9553  -1.5519  -5.6026   3.2299   0.00    0.0
2018 523249.000   30.543119357  114.362581621    24.7184   5   4   5.1023   3.1241  21.9562  -1.5529  -5.6004   3.2323   0.00    0.0
2018 523250.000   30.542995127  114.362521038    51.1921   5   4   5.1031   3.1237  21.9571  -1.5539  -5.5982   3.2349   0.00    0.0
2018 523251.000   30.543015921  114.362490393    24.0801   5   4   5.1040   3.1234  21.9581  -1.5549  -5.5960   3.2372   0.00    0.0
2018 523254.000   30.542895160  114.362331814    40.2279   5   4   5.1066   3.1225  21.9608  -1.5579  -5.5895   3.2445   0.00    0.0
2018 523255.000   30.542829933  114.362308741    27.8803   5   4   5.1075   3.1222  21.9617  -1.5589  -5.5873   3.2470   0.00    0.0
2018 523256.000   30.542833529  114.362221516    77.3165   5   4   5.1083   3.1219  21.9626  -1.5599  -5.5850   3.2493   0.00    0.0
2018 523257.000   30.542787316  114.362190264    46.6771   5   4   5.1092   3.1216  21.9635  -1.5609  -5.5829   3.2518   0.00    0.0
2018 523258.000   30.542767167  114.362183933    24.6359   5   4   5.1101   3.1213  21.9645  -1.5618  -5.5807   3.2542   0.00    0.0
2018 523261.000   30.542756496  114.362126225    21.8099   5   4   5.1127   3.1204  21.9672  -1.5648  -5.5742   3.2612   0.00    0.0
2018 523266.000   30.542836463  114.361885746    37.7420   5   4   8.6625   3.7056  16.8742   3.4142   2.0044  10.5947   0.00    0.0
2018 523267.000   30.543002406  114.361815000    71.6676   5   4   8.6605   3.7055  16.8791   3.4129   2.0044  10.5954   0.00    0.0
2018 523268.000   30.542892337  114.361745770    46.7881   5   4   8.6587   3.7054  16.8840   3.4117   2.0044  10.5963   0.00    0.0
2018 523270.000   30.542849922  114.361543652    41.0372   5   5   4.9318   3.0439  12.9569  -1.8450  -4.3458   5.9342   0.00    0.0
2018 523271.000   30.542819271  114.361450852    34.7055   5   4   7.6965   3.3271  17.6432  -3.3679  -5.9134  10.2941   0.00    0.0
2018 523272.000   30.542798376  114.361391272    23.8869   5   4   8.6514   3.7052  16.9035   3.4069   2.0046  10.5997   0.00    0.0
2018 523273.000   30.542871144  114.361261256    30.6639   5   5   4.9335   3.0439  12.9710  -1.8464  -4.3467   5.9424   0.00    0.0
2018 523274.000   30.542858434  114.361195676    32.4476   5   5   4.9341   3.0439  12.9757  -1.8469  -4.3471   5.9451   0.00    0.0
2018 523275.000   30.542903438  114.361097812    33.0763   5   4   8.6458   3.7050  16.9181   3.4033   2.0048  10.6021   0.00    0.0
2018 523277.000   30.542942859  114.360907476    36.5120   5   5   4.9358   3.0439  12.9898  -1.8483  -4.3480   5.9533   0.00    0.0
2018 523279.000   30.543013164  114.360712156    32.1385   5   4   8.6383   3.7048  16.9376   3.3985   2.0050  10.6054   0.00    0.0
2018 523282.000   30.543059497  114.360500543    24.3950   5   4   5.7161   3.3928  13.6354  -2.7816  -3.5802   4.8874   0.00    0.0
2018 523283.000   30.543122204  114.360454030    42.3233   5   5   4.9393   3.0440  13.0181  -1.8511  -4.3498   5.9696   0.00    0.0
2018 523284.000   30.543178010  114.360391293    26.6309   5   4   5.1326   3.1133  21.9876  -1.5869  -5.5223   3.3139   0.00    0.0
2018 523285.000   30.543213601  114.360293340     9.1809   5   4   5.1335   3.1130  21.9885  -1.5879  -5.5201   3.3162   0.00    0.0
2018 523286.000   30.543161694  114.360224039    30.2066   5   5   4.9410   3.0440  13.0323  -1.8525  -4.3507   5.9777   0.00    0.0
2018 523287.000   30.543231043  114.360157958    53.9087   5   5   4.9416   3.0440  13.0370  -1.8530  -4.3510   5.9804   0.00    0.0
2018 523288.000   30.543251539  114.360104361    50.4037   5   5   4.9422   3.0440  13.0418  -1.8535  -4.3513   5.9831   0.00    0.0
2018 523289.000   30.543271361  114.360056572    46.3063   5   5   4.9427   3.0440  13.0465  -1.8539  -4.3517   5.9859   0.00    0.0
2018 523290.000   30.543276380  114.359989352    33.6338   5   5   4.9433   3.0441  13.0513  -1.8544  -4.3520   5.9886   0.00    0.0
2018 523291.000   30.543304181  114.359938130    40.2645   5   5   4.9439   3.0441  13.0560  -1.8549  -4.3523   5.9913   0.00    0.0
2018 523292.000   30.543381437  114.359838197    47.5038   5   5   4.9445   3.0441  13.0607  -1.8553  -4.3526   5.9940   0.00    0.0
2018 523293.000   30.543461850  114.359808601    55.7667   5   5   4.9450   3.0441  13.0655  -1.8558  -4.3529   5.9967   0.00    0.0
2018 523295.000   30.543535384  114.359687356    69.7007   5   5   4.9462   3.0441  13.0750  -1.8567  -4.3535   6.0021   0.00    0.0
2018 523296.000   30.543504719  114.359679817    83.5165   5   4   5.7192   3.3945  13.6974  -2.7857  -3.5842   4.9381   0.00    0.0
2018 523299.000   30.543794504  114.359481781     9.8798   5   4   5.1458   3.1088  22.0008  -1.6010  -5.4881   3.3471   0.00    0.0
2018 523301.000   30.543808353  114.359396698     2.8967   5   4   5.1475   3.1083  22.0025  -1.6029  -5.4836   3.3516   0.00    0.0
2018 523303.000   30.543736341  114.359351846    91.0498   5   4   5.7207   3.3954  13.7287  -2.7877  -3.5861   4.9633   0.00    0.0
2018 523304.000   30.543735740  114.359199106    84.5319   5   4   5.7210   3.3955  13.7332  -2.7880  -3.5863   4.9669   0.00    0.0
2018 523307.000   30.543542744  114.358897625    19.2024   5   4   5.1529   3.1065  22.0078  -1.6086  -5.4696   3.3654   0.00    0.0
2018 523308.000   30.543576970  114.358805445    31.6854   5   4   5.1538   3.1062  22.0087  -1.6096  -5.4673   3.3676   0.00    0.0
2018 523310.000   30.543548555  114.358702454    14.4705   5   4   8.5808   3.7033  17.0880   3.3618   2.0075  10.6298   0.00    0.0
2018 523317.000   30.543746036  114.358530077    24.8235   5   5   4.9589   3.0442  13.1802  -1.8665  -4.3599   6.0619   0.00    0.0
2018 523318.000   30.543801768  114.358564463    20.7780   5   5   4.9594   3.0443  13.1850  -1.8669  -4.3602   6.0646   0.00    0.0
2018 523319.000   30.543849989  114.358570177     9.8043   5   4   7.8384   3.3366  18.2434  -3.4318  -6.0190  10.6447   0.00    0.0
2018 523321.000   30.543946927  114.358565138    14.8894   5   4   7.8444   3.3370  18.2691  -3.4344  -6.0235  10.6596   0.00    0.0
2018 523324.000   30.544137878  114.358557865     4.1978   5   4   5.7254   3.3979  13.8235  -2.7935  -3.5915   5.0384   0.00    0.0
2018 523325.000   30.544165202  114.358561437    45.3696   5   4   5.7256   3.3980  13.8280  -2.7938  -3.5918   5.0420   0.00    0.0
2018 523326.000   30.544193972  114.358473366    42.2770   5   4   5.7258   3.3981  13.8326  -2.7940  -3.5920   5.0455   0.00    0.0
2018 523327.000   30.544073590  114.358490842    55.0675   5   5   4.9646   3.0443  13.2283  -1.8708  -4.3628   6.0889   0.00    0.0
2018 523328.000   30.544073662  114.358460478    51.6234   5   4   5.7262   3.3984  13.8417  -2.7946  -3.5925   5.0527   0.00    0.0
2018 523329.000   30.544038102  114.358497408    29.4426   5   4   5.7265   3.3985  13.8463  -2.7948  -3.5928   5.0563   0.00    0.0
2018 523330.000   30.543988468  114.358541697    13.2277   5   5   4.9663   3.0444  13.2428  -1.8721  -4.3637   6.0971   0.00    0.0
2018 523331.000   30.543853790  114.358529301     2.9268   5   4   7.8750   3.3390  18.3987  -3.4478  -6.0460  10.7346   0.00    0.0
2018 523332.000   30.543956395  114.358516121    23.4010   5   4   7.8780   3.3392  18.4117  -3.4491  -6.0482  10.7421   0.00    0.0
